[[[85 41 16]
  [85 41 16]
  [85 41 15]
  ..., 
  [74 36 21]
  [75 36 21]
  [75 36 21]]

 [[91 47 22]
  [89 45 20]
  [87 43 17]
  ..., 
  [73 35 22]
  [73 35 22]
  [73 35 22]]

 [[98 54 29]
  [93 51 26]
  [90 47 22]
  ..., 
  [75 37 24]
  [75 37 24]
  [74 36 23]]

 ..., 
 [[13  6 14]
  [14  7 15]
  [14  7 15]
  ..., 
  [16 13 20]
  [16 13 20]
  [16 13 20]]

 [[13  6 14]
  [14  7 15]
  [14  7 15]
  ..., 
  [16 13 20]
  [16 13 20]
  [16 13 20]]

 [[13  6 14]
  [14  7 15]
  [14  7 15]
  ..., 
  [16 13 20]
  [16 13 20]
  [16 13 20]]]